1 2
301 99
10000 10000
9999 10000
10000 9999
9999 9999
1 1
2 1
2 2
4002 478
263 2254
1678 8299
1203 8454
9137 9815
8091 4248
4323 7086
1730 8047
4013 2522
4704 2033
8258 8185
9440 7938
7285 2112
8319 7302
5149 30
3571 3792
377 7837
3532 9378
9633 2358
530 6649
4699 1870
3716 4816
1788 9814
5055 7990
3426 7959
8089 9794
1689 6187
6734 6252
1180 1653
4986 7620
6524 6796
9898 1188
5880 6475
4865 5176
1962 1286
4828 1823
2767 7224
3429 3455
6993 7939
3556 909
1844 4306
926 9969
7641 1282
5003 5087
9623 8012
9473 1365
4419 5540
7480 9924
453 6648
751 1452
2560 7423
6337 9923
2873 7911
732 4813
4212 230
3347 9519
1125 1471
4650 824
5466 621
5203 9470
9325 256
3123 2323
2762 7655
184 4764
5150 1779
8730 3343
9948 5103
8753 1149
587 53
2665 9301
7415 8344
3508 5946
4405 1713
3424 2477
9421 6934
4295 5004
8462 9084
5800 2618
791 8195
7110 8156
5182 5520
7091 1645
7911 4968
3258 1321
1723 4515
3422 7170
3750 8880
215 6984
6629 4193
459 6744
9314 6444
6379 6813
1631 8077
7304 1712
7510 8902
1041 4818
1906 5955
4498 6413
1395 6581
7876 137
0 0
