55
1
2
2
1 2
3
4 1 4
3
4 0 4
5
4 1 4 0 4
5
4 1 4 1 4
5
4 2 4 0 4
3
1 1 2 
24
1 2 4 0 0 1 3 3 0 0 4 4 4 4 3 4 4 3 2 0 3 3 0 4 
36
0 4 0 0 0 3 0 0 0 3 4 0 0 4 0 2 3 0 0 0 4 0 0 4 1 2 2 0 0 3 3 2 0 0 2 0 
33
1 1 2 1 0 0 1 3 0 3 0 0 0 3 3 0 3 0 0 0 3 0 3 0 2 0 0 0 0 4 0 0 0 
22
3 0 4 0 4 2 0 3 1 1 2 0 2 3 2 2 3 2 2 0 4 1 
62
0 4 0 3 0 0 0 3 1 3 2 4 1 2 0 3 2 2 0 1 4 2 4 0 3 0 1 2 1 0 4 4 3 1 4 0 0 2 0 2 4 0 0 4 2 0 1 4 4 4 0 0 1 0 1 0 2 2 0 4 4 0 
6
0 0 2 1 1 1 
39
0 1 0 0 0 2 0 0 0 2 1 1 0 0 0 3 0 3 0 0 2 1 4 0 3 0 0 0 0 0 0 2 3 0 0 0 0 0 0 
29
1 0 2 4 2 1 0 0 1 3 4 0 4 4 2 2 3 4 4 2 2 0 2 0 0 0 0 0 2 
59
3 0 4 4 0 0 4 3 3 4 3 0 2 3 3 3 3 0 0 4 4 2 4 0 0 0 2 4 2 0 4 1 0 1 3 3 0 0 0 3 2 0 2 4 0 0 4 0 4 1 0 0 4 3 0 2 0 2 1 
45
1 1 2 0 4 1 3 2 0 4 1 4 4 0 0 0 1 0 3 0 2 0 4 4 4 0 1 0 0 3 0 2 3 2 2 4 0 1 4 0 0 1 4 2 2 
27
4 0 0 0 0 3 4 2 4 0 0 4 3 0 3 4 2 0 0 0 0 1 4 0 2 0 0 
74
1 1 3 4 1 0 1 1 0 2 3 3 3 2 0 4 4 2 4 1 3 1 4 2 3 0 3 4 3 0 2 3 4 2 0 2 3 2 2 1 2 0 2 3 0 2 2 3 3 4 0 1 4 4 4 0 1 0 0 3 3 1 1 0 0 3 0 0 2 1 3 0 4 2 
71
0 1 1 0 0 0 3 0 0 4 0 4 0 1 0 0 0 2 2 2 4 1 3 1 3 0 3 4 1 4 0 4 0 4 4 4 4 4 0 2 1 0 3 0 3 0 4 0 4 0 0 2 3 3 0 3 1 0 1 4 3 2 0 4 0 3 0 0 0 2 2 
60
0 4 2 2 4 0 1 0 0 3 3 0 0 0 0 4 0 2 4 4 0 0 0 2 0 0 0 1 0 4 4 0 4 1 2 0 4 4 0 0 4 3 0 1 0 3 3 2 4 0 0 2 0 0 3 3 2 0 0 0 
30
0 2 0 0 1 0 0 1 0 0 0 3 0 0 0 0 0 0 0 2 3 0 0 2 0 0 0 0 0 0 
34
1 1 4 3 4 4 3 4 2 0 1 2 4 3 3 0 1 1 2 0 0 4 2 3 0 3 3 3 4 2 2 4 1 0 
61
0 2 1 4 0 3 2 2 4 0 3 3 4 0 1 0 2 0 1 2 3 0 2 0 3 2 0 4 0 2 0 1 0 1 4 0 0 3 0 1 4 2 1 4 0 1 3 0 0 0 3 4 0 0 4 1 3 2 0 0 3 
54
1 2 4 4 0 2 2 0 4 4 4 0 1 4 0 0 0 1 3 0 0 0 0 3 4 2 0 4 0 0 3 0 0 1 0 1 0 0 0 4 1 3 4 0 1 0 3 0 0 0 0 3 4 2 
74
0 0 4 0 0 0 0 0 3 3 0 0 0 0 0 0 0 0 0 0 0 0 0 0 1 0 0 4 4 0 0 0 3 0 0 1 0 1 0 0 0 4 0 0 0 2 0 1 1 0 0 0 0 0 4 0 0 4 0 0 0 0 0 0 0 0 0 0 0 0 0 0 0 0 
8
1 0 1 4 4 1 0 0 
43
4 0 1 3 0 0 0 0 4 4 0 2 4 3 1 0 1 4 4 3 0 4 3 3 3 0 4 0 4 3 0 3 2 1 1 2 0 4 4 3 4 1 0 
62
0 0 0 3 0 0 0 0 1 1 0 0 0 4 2 3 0 0 0 3 3 0 3 3 3 3 1 0 2 1 0 0 0 0 3 2 0 0 1 1 4 2 1 0 1 4 2 1 4 0 4 3 3 0 2 0 0 0 4 4 0 0 
1
1 
60
4 4 4 2 0 3 4 4 3 2 2 2 4 3 0 4 2 2 3 3 0 2 2 2 3 0 3 1 0 1 2 4 2 4 2 3 2 1 2 2 3 4 4 0 1 3 0 3 4 2 0 0 0 2 4 0 1 1 4 3 
68
3 1 0 2 1 0 3 0 2 0 4 0 3 0 3 2 3 0 4 3 1 0 4 0 0 1 0 0 4 0 0 4 2 2 1 1 0 0 0 2 1 3 3 1 1 1 0 1 0 2 4 0 3 0 1 0 0 4 0 4 2 0 0 1 4 3 1 0 
26
1 0 0 2 0 0 0 2 4 2 1 0 4 3 0 4 4 0 0 4 3 4 2 0 2 0 
57
0 0 0 0 0 0 0 3 2 0 1 0 0 1 0 0 0 0 0 0 1 0 4 0 0 0 2 2 3 0 0 0 2 1 0 0 0 0 0 0 1 2 0 0 0 4 0 0 0 0 0 0 0 0 0 4 0 
19
4 0 1 1 4 3 0 4 0 0 2 4 4 4 0 4 4 4 0 
49
0 2 4 1 0 2 2 3 2 3 0 0 2 0 0 0 0 1 4 2 0 0 3 0 0 3 1 3 1 0 3 0 2 0 0 0 0 1 4 3 3 2 4 2 0 4 1 1 0 
75
2 0 2 0 1 0 2 2 0 0 3 4 3 0 0 0 1 2 1 3 0 0 0 2 1 0 0 2 2 4 0 1 2 0 0 1 0 3 0 0 0 0 3 4 3 0 0 1 1 0 0 2 0 0 4 4 0 0 2 4 2 1 1 1 4 0 4 0 4 0 0 0 1 4 4 
61
1 2 0 0 0 0 2 0 4 0 3 0 0 1 4 4 0 0 0 0 0 4 0 0 0 0 1 4 0 0 4 0 4 2 0 0 2 0 1 3 0 0 0 0 0 0 2 0 0 1 0 2 0 0 3 0 0 0 2 1 0 
40
2 4 2 1 2 2 1 1 2 0 1 1 0 1 2 2 2 0 0 3 3 4 1 1 3 0 3 4 4 3 3 2 4 3 1 1 0 0 0 0 
28
3 2 4 2 0 0 2 3 4 2 4 1 0 0 0 2 2 4 2 0 0 1 1 1 0 0 2 3 
50
0 0 0 0 0 0 0 0 1 2 0 0 0 4 3 0 0 0 1 1 0 2 4 0 3 2 0 0 0 0 0 0 2 0 0 0 0 2 0 3 0 3 0 0 0 1 0 4 3 2 
73
2 3 0 0 0 3 1 0 3 4 0 0 3 0 0 0 0 2 4 0 1 1 0 3 3 0 0 3 1 3 0 0 0 4 0 2 0 0 0 0 1 0 0 0 0 0 0 1 0 0 0 0 2 4 0 2 3 3 0 0 0 0 4 3 0 0 1 0 3 0 0 0 0 
46
0 2 4 4 1 1 0 4 3 2 1 2 2 0 1 0 0 1 3 0 4 0 0 0 0 4 0 1 4 2 0 4 1 3 1 4 3 4 4 4 1 1 0 2 2 0 
37
4 0 2 3 2 4 0 0 0 2 4 4 1 0 1 3 1 1 0 4 2 0 1 0 4 4 0 2 3 0 1 2 0 4 0 0 3 
4
4 0 3 0 
24
0 0 0 0 0 4 0 0 0 0 0 2 0 0 4 0 0 0 4 0 0 2 2 0 
2
2 4 
73
3 0 2 4 2 0 4 0 0 3 2 4 0 0 2 3 3 0 2 3 0 3 0 0 4 0 0 0 1 3 4 1 0 3 1 0 1 3 0 3 4 0 2 0 0 4 2 3 1 0 4 2 2 0 1 4 0 3 0 3 0 2 4 2 4 1 1 0 1 3 3 3 2 
6
0 3 3 1 0 0 
38
0 0 0 0 0 0 3 0 0 4 0 0 3 0 0 0 0 0 0 0 0 0 0 4 0 0 0 3 2 0 1 1 0 0 0 0 0 3 
53
2 0 4 3 0 2 4 0 2 3 0 0 0 4 3 1 3 1 0 0 1 1 4 4 3 3 4 0 0 2 2 3 1 3 3 1 1 4 4 4 2 4 0 4 1 2 0 1 1 2 4 2 2 
34
2 2 4 0 4 4 2 2 1 2 3 4 0 0 3 4 2 0 4 1 0 2 3 0 0 0 1 0 4 3 0 4 4 3 
51
0 4 3 0 0 0 0 0 0 3 3 1 0 1 0 2 2 0 4 1 0 4 0 0 0 0 1 0 2 0 0 3 0 0 0 0 0 1 0 0 2 0 0 4 4 1 4 4 0 1 2 
12
0 0 0 0 0 2 0 0 3 1 0 2 
