300
16 17 10 10 16 17
16 17 10 10 10 10
23 20 15 24 23 20
23 20 15 24 15 24
0 0 5 15 0 10
0 1 0 0 0 13
16 16 16 0 16 7
14 14 9 14 13 14
30 30 24 29 30 29
30 0 29 30 30 30
30 11 28 30 30 30
27 30 27 27 30 27
7 7 8 29 7 30
3 8 1 3 3 3
8 25 13 8 8 8
3 7 3 3 3 10
0 6 0 0 0 2
29 14 14 21 21 14
6 27 6 9 6 22
23 29 18 18 18 29
0 0 23 12 0 12
14 13 14 14 14 0
0 15 1 15 3 15
16 17 12 17 23 17
26 24 24 26 26 28
27 17 30 30 30 20
4 4 2 30 4 28
13 3 13 2 13 13
10 0 20 10 10 10
10 17 15 28 15 22
30 3 0 0 0 3
29 14 7 24 7 14
30 30 16 16 22 10
0 11 18 0 11 3
28 25 12 3 3 2
25 4 20 25 25 24
16 26 18 28 0 7
24 28 28 13 4 14
26 30 8 8 1 30
0 23 12 2 2 13
28 14 5 2 2 30
29 29 16 26 25 25
12 11 11 17 17 8
29 27 27 10 23 24
20 9 30 27 27 16
19 6 17 4 30 19
1 19 20 15 15 12
30 30 26 26 30 2
21 2 21 22 22 12
23 11 26 28 28 5
2 1 1 1 4 4
4 26 4 1 27 4
21 30 30 22 27 15
1 30 10 10 18 30
11 11 15 9 17 20
12 21 30 12 18 13
14 28 1 18 18 24
28 13 17 20 25 17
1 22 12 0 15 15
7 0 23 22 22 22
0 3 3 17 17 2
3 26 17 14 12 29
0 0 30 30 30 23
10 1 10 28 1 22
29 21 23 7 28 18
16 27 8 23 8 22
26 26 27 26 14 4
6 8 3 18 8 4
13 13 27 10 13 14
4 23 22 4 18 18
27 20 24 6 18 19
18 13 18 30 20 13
23 21 23 23 27 28
16 3 5 0 6 6
13 30 24 9 24 13
6 18 6 25 8 6
27 27 22 29 30 7
23 2 18 25 23 9
3 3 1 1 17 27
11 1 3 19 8 21
30 30 30 16 7 16
2 6 28 2 6 0
6 6 21 30 22 17
8 8 8 4 2 2
0 13 0 2 2 25
17 6 12 18 4 16
12 20 28 12 12 7
29 30 29 29 30 24
25 19 0 8 4 0
2 2 7 7 2 17
6 17 22 24 27 6
19 6 4 20 0 7
16 16 9 20 16 22
28 4 9 5 5 24
12 19 30 13 10 8
30 26 26 20 30 19
9 10 25 24 14 26
23 7 27 23 0 10
23 26 28 22 28 29
1 0 21 21 0 13
29 23 27 3 26 27
30 24 30 30 28 22
30 29 28 25 19 28
15 5 17 6 6 0
25 25 23 3 25 4
17 8 5 30 27 14
2 22 5 5 29 7
11 11 10 22 9 11
27 28 0 28 10 30
9 7 17 28 4 4
27 11 1 24 27 0
1 3 4 18 5 2
24 1 11 11 6 7
1 1 1 8 12 12
0 7 0 28 7 25
1 1 0 24 6 3
3 4 3 17 4 3
22 19 19 4 29 22
25 25 13 12 24 8
28 28 21 30 30 26
12 22 14 20 27 13
16 2 26 19 2 20
30 21 8 30 8 8
4 4 2 11 18 9
10 23 28 13 13 19
0 0 3 7 8 12
27 26 29 28 28 14
26 26 22 17 23 2
30 16 28 30 26 28
25 0 4 5 24 4
3 13 16 27 15 24
21 26 20 21 15 21
7 27 7 7 1 29
10 15 8 10 7 26
9 10 4 26 16 10
16 2 16 18 18 6
12 14 24 3 20 5
14 3 4 30 14 8
30 29 29 3 22 2
29 10 21 8 20 24
11 10 6 5 6 6
28 20 26 30 27 28
1 24 25 25 7 21
5 5 0 20 5 1
28 27 14 23 27 13
5 27 28 24 24 29
12 12 19 14 23 14
21 0 21 20 0 8
26 21 2 16 8 7
21 4 20 19 20 26
15 0 15 1 1 11
15 21 0 0 8 25
-33416606 8556076 -33416606 -33416606 -33416606 -19794959
-66824209 -66824209 4680940 4680940 98921551 98921551
45520540 17012929 -93073208 -85154901 -93073208 17012929
-93161448 -93161448 -93161448 -28917123 -93161448 53437173
90043692 98006012 64888500 98006012 98006012 98006012
44670102 64678199 -84395002 64678199 -40128140 64678199
-41739443 -41739443 -41739443 91790645 -41739443 -88338839
91917583 91917583 98202071 71825090 91917583 71825090
96720427 41434630 96720427 96720427 96720427 41457033
77439801 -88691792 96824376 77439801 77439801 77439801
20068424 84847156 15968235 20068424 20068424 15968235
47774868 87838314 76549434 47774868 47774868 47774868
-77748406 -19017062 -19017062 -20834798 -19017062 -77748406
87090523 8027961 -97830822 -8239398 -97830822 8027961
-99743527 -99113849 -99113849 -98533349 -98533349 -99113849
44792527 44792527 44792527 -95975662 44792527 -90218623
-16554180 2447483 2447483 -43868345 2447483 2447483
-11138283 10526723 18794453 -11138283 -11138283 18794453
73874606 -69098894 57359573 73874606 73874606 73874606
-96154099 -27857289 33703136 -96154099 -96154099 33703136
-58812669 2742331 -20482451 -20482451 -20482451 2742331
-88012331 -65690773 -65690773 -98901433 -65690773 -88012331
38059236 38059236 -22995505 8236799 38059236 69291540
-76621704 -76320797 -76621704 -99115276 -76621704 -86670888
-44817040 -44817040 -44817040 46142983 -44817040 71974025
57730047 57730047 57730047 -3053388 -3053388 -3053388
44471533 67412773 96852023 44471533 44471533 44471533
-93206244 -70023830 -93206244 -90343083 -93206244 -27310060
94879435 94879435 80319297 7078730 95865622 94879435
79084034 -47974688 79084034 -81413906 -87560526 12481363
-62531202 4866092 -41327486 -87685542 -47809771 -47809771
87505117 -86047673 37848308 93187001 37848308 88636969
-95020524 -95020524 -78900495 69015520 -92076918 71959126
-21311213 97172472 86138369 86138369 -55878852 89028021
24663611 95409126 -72826895 46120706 -50429658 46120706
82285384 75431585 82285384 -72637195 95225181 95225181
-82057961 -9154189 -9118798 -73009366 -9154189 15609846
-68935884 -68935884 41462626 35679833 41462626 65838370
85327996 98136225 90518883 98136225 98305029 90518883
-85863985 2226155 -57356465 -63025037 -63025037 -17243726
-93736389 -93736389 -98946030 -69792320 5928425 -93736389
82624686 -25500113 84863621 82624686 33077973 33077973
40918622 40918622 -28175375 74999381 -84730628 98631973
-12513112 -85638434 -13606061 -12513112 -12513112 -99952787
58288208 52623326 52623326 95398988 95398988 40606279
-13329075 -10643120 -41256807 -13329075 -38069026 94765933
-74796292 -74796292 63984488 5820038 -78172467 -78172467
-91937010 -82305425 -82305425 52922266 -69200512 -69200512
-74920958 -6694296 14652284 -55862134 -55862134 -76745108
2211487 98887598 6293219 97472672 96136462 97472672
-55561718 -98270333 -55561718 -41520515 -96458897 -55561718
-87317492 59707645 -49337256 2349434 -3947904 -49337256
3500597 37831593 39597805 3500597 3500597 -7358745
43064724 31891821 31891821 -82710860 -82710860 -25124520
72098612 85400315 82865319 56373817 -7404120 -19306467
-79957157 -79957157 -98171458 -388579 -31652024 -388579
60331562 -23942030 49639381 -23942030 -37812402 49639381
-57548244 -65823099 -24116824 -16243142 -80345952 -65911051
-41946123 -82469563 24954998 70234855 70234855 29711415
12259554 75880112 76737444 75880112 -27162868 96619634
-40506111 -84667453 -46784929 -43459244 -43459244 -79712720
70991021 -61526605 71687431 71687431 71687431 45271754
-50170158 -24331768 -62323115 37479187 11640797 11640797
-10433310 73625895 -46823893 96496256 -82531495 -10433310
55113391 -27771225 -34824985 70743484 -34824985 21310360
75049047 99928885 75049047 61469451 61469451 97072672
11805429 63597564 41500397 41500397 77891775 66545706
75096979 -42079011 76549022 60775556 60775556 -42079011
-84478238 -84478238 90795796 90795796 29210329 13593531
54552194 -95172627 -36754708 54552194 74618014 12255981
23724406 23724406 54996892 28724958 23724406 54996892
-95655805 -91481445 -55391876 -55391876 -91481445 -7457304
-27198854 -27198854 1579454 69384050 -62382329 33889928
17292205 17292205 -22228729 232618 30924591 17292205
-7309802 23335718 -7309802 38711918 -59549525 -27852511
-94435331 -94435331 -52778199 -96276487 -92005745 -92935022
11381828 11381828 7098627 61006636 11381828 58522232
86032374 7704315 -10289109 -67680854 -67680854 86032374
28380420 28380420 49854108 -97810403 -98441601 56735770
-38503541 -38503541 907790 -38503541 -38503541 36775733
42476108 42476108 -96101100 54019708 -89872709 -96101100
88786213 -59219535 -59219535 -62130115 -89813924 -92725951
-8299189 70051025 -8299189 -16064999 -16064999 -16064999
-66238980 -2967659 -40701957 -2967659 -2967659 -66474221
83849508 33389992 -34443566 83849508 98213832 45826909
30339897 13497130 68588185 68588185 92265544 92265544
13961688 13961688 13961688 38952340 14219052 82885100
43972908 31303977 43928861 36571702 -17803033 37893511
87545085 -99843523 -85904605 69037484 -99843523 87545085
-11761234 -11761234 -99345545 -11761234 -72847479 58552505
-228196 -71036056 -96137850 3436558 -81295030 -781179
-60782582 13673753 -65243301 -54015744 -60782582 -69893175
-45912260 -45912260 34096479 -45912260 4097281 7747205
-72918844 -53989305 95977821 -76740845 -76740845 -87241556
20580266 6817991 7308600 68117709 68117709 68117709
75902213 75902213 75902213 -88461104 97836011 -89583943
-8058915 6424506 7386296 -98876361 -7908869 -6574654
-75048394 31363730 -87519107 43834443 -87519107 -87519107
22078180 22078180 22078180 5105205 5105205 -28232379
72730775 66555653 40158648 85885594 41698787 72912031
2449971 56205239 -4304332 49450936 -4304332 -4304332
94989104 94989104 97309017 -99717944 98492442 -97398031
-67952898 44187925 43882717 45041711 58054777 43882717
93092804 21744535 89198803 21744535 93092804 60378947
2571427 -58286041 -58286041 -63277230 -94062573 2571427
-44638457 -98921647 -44513262 -44513262 78439015 -44357904
33741833 97918633 29910072 22399342 33741833 -58295061
-73702938 1862050 -71280448 -74497291 -74497291 5078893
-33099931 -80570293 -45176497 3625233 -84680300 -45176497
-96096309 -96096309 2881235 29115876 -96096309 -76400547
39783167 9033603 9033603 -27674133 -21480401 39783167
44602279 -47389913 -45908166 2312938 35914915 -45908166
81311962 81311962 81311962 -99729871 85541486 85541486
14622566 14622566 -30753021 -30753021 -17161163 -84138962
88334988 79844968 97378090 -81082541 77619088 76790097
-65287121 77594713 -98608122 -98608122 -99705681 77594713
19434200 87736167 -59275502 -34468894 -34468894 62929559
63587327 81462911 63755114 81197270 97887765 90119662
25201382 25201382 -18412645 42507399 -19951568 -19951568
-97134917 -1426099 -1426099 -61725514 -61725514 -54165582
73795830 -52070007 99767323 -49170700 69225621 99794634
73243423 11071465 -83742069 69918702 69918702 11071465
-34726531 -34726531 -49592268 -49592268 -85783439 -58468952
-17197329 -70474770 98934237 -31030908 52042081 98934237
-39552570 9678994 97145246 -97659834 -97659834 67786258
48767443 48767443 -14766688 -14766688 -17270646 -27444329
64579451 -71558995 -35407659 54027750 74521627 64579451
-98077897 -98077897 -99241244 -20038424 -98077897 -29356628
-37954170 93065622 -78646944 -78646944 93065622 -87097196
99922240 -2213465 99981377 99852859 99853335 -21347228
-31464271 28742154 -62958809 6914515 6914515 -62958809
17897260 -18813831 41953981 17897260 13342149 13342149
68834826 54513809 52481403 78023288 54513809 68822694
88015571 13388878 9286031 -88775919 -32060278 -88775919
83004144 -55925801 99741147 99741147 99948480 83004144
-67560687 -33353083 -99990227 -67560687 -89852690 -46732687
-12195642 -12195642 -45279632 -63449880 -12195642 -18543075
-82229565 -78300173 -79361168 -78300173 -78300173 30043101
-26419753 -26419753 66439345 -35544429 55831439 69472097
-75371284 96016721 17523114 -73064827 -73064827 96016721
-55913919 -71501128 -96812656 -94398455 -94398455 -73915329
55652015 -19846836 59531645 -88656026 -88656026 21824447
-69219145 -45130944 -57922864 -7758575 -45130944 -69219145
-41457187 89746950 69652550 89746950 -53891918 -53891918
-88093787 -85427045 -96872465 -89997141 -98679177 -96872465
-98469138 -68461528 23389507 98572345 23389507 -47189705
-25892252 -81344136 -57042271 -57042271 -81344136 84864814
9481486 -80299287 14681605 -86642964 -86642964 -25575390
